name: santander
channels:
  - conda-forge
  - defaults
dependencies:
  - backcall=0.2.0=pyh9f0ad1d_0
  - backports=1.0=py_2
  - backports.functools_lru_cache=1.6.4=pyhd8ed1ab_0
  - ca-certificates=2021.5.30=h5b45459_0
  - certifi=2021.5.30=py39hcbf5309_0
  - colorama=0.4.4=pyh9f0ad1d_0
  - debugpy=1.3.0=py39h415ef7b_0
  - decorator=5.0.9=pyhd8ed1ab_0
  - ipykernel=6.0.1=py39h832f523_0
  - ipython=7.25.0=py39h832f523_1
  - ipython_genutils=0.2.0=py_1
  - jedi=0.18.0=py39hcbf5309_2
  - jupyter_client=6.1.12=pyhd8ed1ab_0
  - jupyter_core=4.7.1=py39hcbf5309_0
  - libsodium=1.0.18=h8d14728_1
  - matplotlib-inline=0.1.2=pyhd8ed1ab_2
  - nb_conda_kernels=2.3.1=py39hcbf5309_0
  - openssl=1.1.1k=h8ffe710_0
  - parso=0.8.2=pyhd8ed1ab_0
  - pickleshare=0.7.5=py_1003
  - pip=21.1.3=pyhd8ed1ab_0
  - prompt-toolkit=3.0.19=pyha770c72_0
  - pygments=2.9.0=pyhd8ed1ab_0
  - python=3.9.5=h7840368_0_cpython
  - python-dateutil=2.8.1=py_0
  - python_abi=3.9=2_cp39
  - pywin32=300=py39hb82d6ee_0
  - pyzmq=22.1.0=py39he46f08e_0
  - setuptools=52.0.0=py39haa95532_0
  - six=1.16.0=pyh6c4a22f_0
  - sqlite=3.36.0=h8ffe710_0
  - tornado=6.1=py39hb82d6ee_1
  - traitlets=5.0.5=py_0
  - tzdata=2021a=he74cb21_0
  - ucrt=10.0.20348.0=h57928b3_0
  - vc=14.2=hb210afc_5
  - vs2015_runtime=14.29.30037=h902a5da_5
  - wcwidth=0.2.5=pyh9f0ad1d_2
  - wheel=0.36.2=pyhd3deb0d_0
  - wincertstore=0.2=py39hcbf5309_1006
  - zeromq=4.3.4=h0e60522_0
